# ベクトルを生成する。
height <- c(35, 30, 21, 18, 28, 10)